[input]
run-type=full
pesummary=0
screen-output=1
output=/mnt/c/Users/97747/GW QNM EMRI PROJECT/2404.11373v3/2404.11373/reports/posteriors/pyring/kerr330_20260310-kerr330-smoke-locallike
run-tag=kerr330_20260310-kerr330-smoke-locallike
data-H1=/mnt/c/Users/97747/GW QNM EMRI PROJECT/2404.11373v3/2404.11373/external/pyRingGW-2.3.0/pyRing/data/Real_data/GW150914/H-H1_GWOSC_4KHZ_R1-1126259447-32.txt
data-L1=/mnt/c/Users/97747/GW QNM EMRI PROJECT/2404.11373v3/2404.11373/external/pyRingGW-2.3.0/pyRing/data/Real_data/GW150914/L-L1_GWOSC_4KHZ_R1-1126259447-32.txt
trigtime=1126259462.42322993
detectors=H1,L1
ref-det=H1
sky-frame=equatorial
template=Kerr
injection-approximant=Kerr
kerr-modes=[(2,2,2,0), (2,3,3,0)]
reference-amplitude=1.00000000e-21
amp-non-prec-sym=1
sampling-rate=2048.0
signal-chunksize=4.0
noise-chunksize=4.0
f-min-bp=100.0
f-max-bp=500.0
bandpassing=0
fft-acf=1
acf-simple-norm=1
truncate=1
analysis-duration=0.100
zero-noise=1

[Sampler settings]
nlive=32
maxmcmc=32
seed=1234
nthreads=1
verbose=2

[Priors]
mf-time-prior=67.0
fix-t=0.000000
fix-ra=1.95000000
fix-dec=-1.27000000
fix-psi=0.82000000
fix-phi=0.0
fix-cosiota=0.70710678
Mf-min=50.0
Mf-max=100.0
af-min=0.2
af-max=0.96
A2220-min=0.0
A2220-max=45.000
A2330-min=0.0
A2330-max=8.000

[Injection]
t0=0.000000
ra=1.95000000
dec=-1.27000000
psi=0.82000000
Mf=67.00000000
af=0.67000000
logdistance=6.0857
cosiota=0.70710678
phi=0.0
kerr-amplitudes={"2220": 30.000000000000007, "2330": 3.0}
kerr-phases={"2220": 1.047, "2330": 5.014}

[Plot]
imr-samples=/mnt/c/Users/97747/GW QNM EMRI PROJECT/2404.11373v3/2404.11373/external/pyRingGW-2.3.0/pyRing/data/Real_data/GW150914/GW150914_LAL_IMRPhenomP_O1_GWOSC_Mf_af_samples.txt
